0,540
104,12
104,11
104,10
104,9
104,8
104,7
104,6
104,5
104,4
104,3
104,2
104,1
104,0
103,5
103,4
103,3
103,2
103,1
103,0
102,5
102,4
102,3
102,2
102,1
102,0
101,4
101,3
101,2
101,1
101,0
100,6
0,539
100,5
100,4
100,3
100,2
100,1
100,0
99,3
99,2
99,1
99,0
98,3
98,2
98,1
98,0
97,3
97,2
97,1
97,0
0,538
96,5
96,4
96,3
96,2
96,1
96,0
95,5
0,537
95,4
95,3
95,2
95,1
95,0
94,3
94,2
94,1
94,0
93,3
93,2
93,1
93,0
73,2
73,0
70,0
0,536
0,535
0,534
0,533
0,308
0,532
0,531
0,530
0,529
71,2
71,0
92,35
10,192
10,238
10,286
10,94
10,290
10,246
10,272
10,304
10,2
10,3
11,10
11,22
11,13
11,14
11,8
11,2
11,3
9,7
9,2
9,3
8,9
8,13
91,5
91,4
91,3
91,2
8,12
91,1
91,0
86,12
86,11
86,10
86,9
86,8
86,7
86,6
86,5
86,4
86,3
8,14
8,2
86,2
86,1
86,0
80,5
80,4
80,3
8,3
80,2
80,1
80,0
78,4
78,3
